121
12
121
1 2 2.669279
1 12 2.445226
2 1 2.669279
2 3 4.183270
2 13 4.123552
3 2 4.183270
3 4 5.702186
3 14 6.003664
4 3 5.702186
4 5 6.922902
4 15 7.663811
5 4 6.922902
5 6 7.822049
5 16 8.851935
6 5 7.822049
6 7 8.726371
6 17 9.749215
7 6 8.726371
7 8 9.992964
7 18 10.834962
8 7 9.992964
8 9 11.530152
8 19 12.355984
9 8 11.530152
9 10 12.660715
9 20 13.887886
10 9 12.660715
10 11 12.561089
10 21 14.502122
11 10 12.561089
11 22 13.473313
12 1 2.445226
12 13 3.775827
12 23 3.212742
13 2 4.123552
13 12 3.775827
13 14 5.899220
13 24 5.399203
14 3 6.003664
14 13 5.899220
14 15 7.998648
14 25 7.825268
15 4 7.663811
15 14 7.998648
15 16 9.612623
15 26 9.913606
16 5 8.851935
16 15 9.612623
16 17 10.660913
16 27 11.292791
17 6 9.749215
17 16 10.660913
17 18 11.565842
17 28 12.151209
18 7 10.834962
18 17 11.565842
18 19 12.845566
18 29 13.095989
19 8 12.355984
19 18 12.845566
19 20 14.475826
19 30 14.509525
20 9 13.887886
20 19 14.475826
20 21 15.678583
20 31 15.993692
21 10 14.502122
21 20 15.678583
21 22 15.451365
21 32 16.528648
22 11 13.473313
22 21 15.451365
22 33 15.282036
23 12 3.212742
23 24 4.605753
23 34 3.676253
24 13 5.399203
24 23 4.605753
24 25 7.158644
24 35 6.130987
25 14 7.825268
25 24 7.158644
25 26 9.641432
25 36 8.816973
26 15 9.913606
26 25 9.641432
26 27 11.462588
26 37 11.060292
27 16 11.292791
27 26 11.462588
27 28 12.479625
27 38 12.409066
28 17 12.151209
28 27 12.479625
28 29 13.165757
28 39 13.035247
29 18 13.095989
29 28 13.165757
29 30 14.163659
29 40 13.606035
30 19 14.509525
30 29 14.163659
30 31 15.555301
30 41 14.610305
31 20 15.993692
31 30 15.555301
31 32 16.588962
31 42 15.755396
32 21 16.528648
32 31 16.588962
32 33 16.223342
32 43 16.088935
33 22 15.282036
33 32 16.223342
33 44 14.792095
34 23 3.676253
34 35 4.944611
34 45 3.801455
35 24 6.130987
35 34 4.944611
35 36 7.597653
35 46 6.221562
36 25 8.816973
36 35 7.597653
36 37 10.114160
36 47 8.796423
37 26 11.060292
37 36 10.114160
37 38 11.851630
37 48 10.844607
38 27 12.409066
38 37 11.851630
38 39 12.633165
38 49 11.911971
39 28 13.035247
39 38 12.633165
39 40 12.929978
39 50 12.155084
40 29 13.606035
40 39 12.929978
40 41 13.432008
40 51 12.226799
41 30 14.610305
41 40 13.432008
41 42 14.327231
41 52 12.658486
42 31 15.755396
42 41 14.327231
42 43 15.006427
42 53 13.297602
43 32 16.088935
43 42 15.006427
43 44 14.543287
43 54 13.384033
44 33 14.792095
44 43 14.543287
44 55 12.221616
45 34 3.801455
45 46 4.922088
45 56 3.854915
46 35 6.221562
46 45 4.922088
46 47 7.362433
46 57 6.054879
47 36 8.796423
47 46 7.362433
47 48 9.560913
47 58 8.248284
48 37 10.844607
48 47 9.560913
48 49 10.919532
48 59 9.814959
49 38 11.911971
49 48 10.919532
49 50 11.286891
49 60 10.384738
50 39 12.155084
50 49 11.286891
50 51 11.108443
50 61 10.138724
51 40 12.226799
51 50 11.108443
51 52 11.046427
51 62 9.683891
52 41 12.658486
52 51 11.046427
52 53 11.357402
52 63 9.535308
53 42 13.297602
53 52 11.357402
53 54 11.626267
53 64 9.661564
54 43 13.384033
54 53 11.626267
54 55 11.138439
54 65 9.533119
55 44 12.221616
55 54 11.138439
55 66 8.625350
56 45 3.854915
56 57 5.021806
56 67 4.285047
57 46 6.054879
57 56 5.021806
57 58 7.129462
57 68 6.316805
58 47 8.248284
58 57 7.129462
58 59 8.812850
58 69 8.086259
59 48 9.814959
59 58 8.812850
59 60 9.582708
59 70 9.042604
60 49 10.384738
60 59 9.582708
60 61 9.388001
60 71 8.959839
61 50 10.138724
61 60 9.388001
61 62 8.681290
61 72 8.117645
62 51 9.683891
62 61 8.681290
62 63 8.074044
62 73 7.116332
63 52 9.535308
63 62 8.074044
63 64 7.847156
63 74 6.440720
64 53 9.661564
64 63 7.847156
64 65 7.756071
64 75 6.133309
65 54 9.533119
65 64 7.756071
65 66 7.303027
65 76 5.848701
66 55 8.625350
66 65 7.303027
66 77 5.210887
67 56 4.285047
67 68 5.783299
67 78 5.398284
68 57 6.316805
68 67 5.783299
68 69 7.683994
68 79 7.508246
69 58 8.086259
69 68 7.683994
69 70 8.865374
69 80 9.016292
70 59 9.042604
70 69 8.865374
70 71 8.954270
70 81 9.391146
71 60 8.959839
71 70 8.954270
71 72 8.066626
71 82 8.569517
72 61 8.117645
72 71 8.066626
72 73 6.745554
72 83 7.010623
73 62 7.116332
73 72 6.745554
73 74 5.596863
73 84 5.397743
74 63 6.440720
74 73 5.596863
74 75 4.905855
74 85 4.220978
75 64 6.133309
75 74 4.905855
75 76 4.531607
75 86 3.554395
76 65 5.848701
76 75 4.531607
76 77 4.126036
76 87 3.150058
77 66 5.210887
77 76 4.126036
77 88 2.714011
78 67 5.398284
78 79 7.363028
78 89 7.045474
79 68 7.508246
79 78 7.363028
79 80 9.312431
79 90 9.484900
80 69 9.016292
80 79 9.312431
80 81 10.146523
80 91 10.951459
81 70 9.391146
81 80 10.146523
81 82 9.571565
81 92 10.870719
82 71 8.569517
82 81 9.571565
82 83 7.906647
82 93 9.323552
83 72 7.010623
83 82 7.906647
83 84 5.874561
83 94 6.993524
84 73 5.397743
84 83 5.874561
84 85 4.153943
84 95 4.724809
85 74 4.220978
85 84 4.153943
85 86 3.043088
85 96 3.061613
86 75 3.554395
86 85 3.043088
86 87 2.437753
86 97 2.087105
87 76 3.150058
87 86 2.437753
87 88 2.051277
87 98 1.574803
88 77 2.714011
88 87 2.051277
88 99 1.246835
89 78 7.045474
89 90 9.285980
89 100 8.587478
90 79 9.484900
90 89 9.285980
90 91 11.467290
90 101 11.406362
91 80 10.951459
91 90 11.467290
91 92 12.127137
91 102 12.948368
92 81 10.870719
92 91 12.127137
92 93 11.006522
92 103 12.573740
93 82 9.323552
93 92 11.006522
93 94 8.615124
93 104 10.464604
94 83 6.993524
94 93 8.615124
94 95 5.887704
94 105 7.499046
95 84 4.724809
95 94 5.887704
95 96 3.623627
95 106 4.683903
96 85 3.061613
96 95 3.623627
96 97 2.148353
96 107 2.631466
97 86 2.087105
97 96 2.148353
97 98 1.354248
97 108 1.426108
98 87 1.574803
98 97 1.354248
98 99 0.953917
98 109 0.826913
99 88 1.246835
99 98 0.953917
99 110 0.539763
100 89 8.587478
100 101 10.639769
100 111 9.239968
101 90 11.406362
101 100 10.639769
101 102 13.019028
101 112 12.213905
102 91 12.948368
102 101 13.019028
102 103 13.606185
102 113 13.779366
103 92 12.573740
103 102 13.606185
103 104 12.154332
103 114 13.271734
104 93 10.464604
104 103 12.154332
104 105 9.296047
104 115 10.919986
105 94 7.499046
105 104 9.296047
105 106 6.114057
105 116 7.687244
106 95 4.683903
106 105 6.114057
106 107 3.499127
106 117 4.648791
107 96 2.631466
107 106 3.499127
107 108 1.797894
107 118 2.442599
108 97 1.426108
108 107 1.797894
108 109 0.890313
108 119 1.149654
109 98 0.826913
109 108 0.890313
109 110 0.472967
109 120 0.520195
110 99 0.539763
110 109 0.472967
110 121 0.252471
111 100 9.239968
111 112 10.638835
112 101 12.213905
112 111 10.638835
112 113 12.976227
113 102 13.779366
113 112 12.976227
113 114 13.505002
114 103 13.271734
114 113 13.505002
114 115 11.996036
115 104 10.919986
115 114 11.996036
115 116 9.099342
116 105 7.687244
116 115 9.099342
116 117 5.902084
117 106 4.648791
117 116 5.902084
117 118 3.286036
118 107 2.442599
118 117 3.286036
118 119 1.587427
119 108 1.149654
119 118 1.587427
119 120 0.685292
120 109 0.520195
120 119 0.685292
120 121 0.283397
121 110 0.252471
121 120 0.283397
